16-April-23 14:41:51 - INFO:  ---------------------------------------------------------------------------------------------------
16-April-23 14:42:30 - INFO:  ---------------------------------------------------------------------------------------------------
16-April-23 14:42:30 - INFO:  set_to:0.009143600007519126
16-April-23 14:42:30 - INFO:  set_multiples:0.058604000019840896
16-April-23 14:42:30 - INFO:  get_single:0.00181200000224635
16-April-23 14:42:30 - INFO:  get_multiple:0.039343299984466285
16-April-23 14:42:30 - INFO:  get_range:0.014742499974090606
16-April-23 14:42:30 - INFO:  del_single:0.002067200024612248
16-April-23 14:42:30 - INFO:  del_multiple:0.014573599968571216
16-April-23 15:35:56 - INFO:  ---------------------------------------------------------------------------------------------------
16-April-23 15:35:56 - INFO:  set_to:0.008958101272583008
16-April-23 15:35:56 - INFO:  set_multiples:0.060597896575927734
16-April-23 15:35:56 - INFO:  get_single:0.0019996166229248047
16-April-23 15:35:56 - INFO:  get_multiple:0.03557634353637695
16-April-23 15:35:56 - INFO:  get_range:0.012300968170166016
16-April-23 15:35:56 - INFO:  del_single:0.0012843608856201172
16-April-23 15:35:56 - INFO:  del_multiple:0.011188745498657227
16-April-23 16:09:19 - INFO:  ---------------------------------------------------------------------------------------------------
16-April-23 16:09:19 - INFO:  set_to:0.00827479362487793
16-April-23 16:09:19 - INFO:  set_multiples:0.05875086784362793
16-April-23 16:09:19 - INFO:  get_single:0.001999378204345703
16-April-23 16:09:19 - INFO:  get_multiple:0.03835320472717285
16-April-23 16:09:19 - INFO:  get_range:0.014058589935302734
16-April-23 16:09:19 - INFO:  del_single:0.0010645389556884766
16-April-23 16:09:19 - INFO:  del_multiple:0.013679742813110352
16-April-23 16:10:47 - INFO:  ---------------------------------------------------------------------------------------------------
16-April-23 16:10:47 - INFO:  set_to:0.009081125259399414
16-April-23 16:10:47 - INFO:  set_multiples:0.0824434757232666
16-April-23 16:10:47 - INFO:  get_single:0.0020563602447509766
16-April-23 16:10:47 - INFO:  get_multiple:0.0415186882019043
16-April-23 16:10:47 - INFO:  get_range:0.01668858528137207
16-April-23 16:10:47 - INFO:  del_single:0.002002239227294922
16-April-23 16:10:47 - INFO:  del_multiple:0.013573884963989258
16-April-23 16:10:58 - INFO:  ---------------------------------------------------------------------------------------------------
16-April-23 16:10:58 - INFO:  set_to:0.008183717727661133
16-April-23 16:10:58 - INFO:  set_multiples:0.060991764068603516
16-April-23 16:10:58 - INFO:  get_single:0.002008199691772461
16-April-23 16:10:58 - INFO:  get_multiple:0.03603768348693848
16-April-23 16:10:58 - INFO:  get_range:0.014926671981811523
16-April-23 16:10:58 - INFO:  del_single:0.0021088123321533203
16-April-23 16:10:58 - INFO:  del_multiple:0.0219266414642334
16-April-23 16:12:24 - INFO:  ---------------------------------------------------------------------------------------------------
16-April-23 16:12:24 - INFO:  set_to:0.010065555572509766
16-April-23 16:12:24 - INFO:  set_multiples:0.0710299015045166
16-April-23 16:12:24 - INFO:  get_single:0.002000570297241211
16-April-23 16:12:24 - INFO:  get_multiple:0.036177873611450195
16-April-23 16:12:24 - INFO:  get_range:0.013976573944091797
16-April-23 16:12:24 - INFO:  del_single:0.0019989013671875
16-April-23 16:12:24 - INFO:  del_multiple:0.013257503509521484
16-April-23 16:12:33 - INFO:  ---------------------------------------------------------------------------------------------------
16-April-23 16:12:33 - INFO:  set_to:0.009009361267089844
16-April-23 16:12:33 - INFO:  set_multiples:0.05638480186462402
16-April-23 16:12:33 - INFO:  get_single:0.0010924339294433594
16-April-23 16:12:33 - INFO:  get_multiple:0.03664803504943848
16-April-23 16:12:33 - INFO:  get_range:0.01361083984375
16-April-23 16:12:33 - INFO:  del_single:0.001969575881958008
16-April-23 16:12:33 - INFO:  del_multiple:0.013901233673095703
16-April-23 16:14:10 - INFO:  ---------------------------------------------------------------------------------------------------
16-April-23 16:14:10 - INFO:  set_to:0.011018991470336914
16-April-23 16:14:10 - INFO:  set_multiples:0.07535719871520996
16-April-23 16:14:10 - INFO:  get_single:0.002039194107055664
16-April-23 16:14:10 - INFO:  get_multiple:0.03883099555969238
16-April-23 16:14:10 - INFO:  get_range:0.014278888702392578
16-April-23 16:14:10 - INFO:  del_single:0.0019998550415039062
16-April-23 16:14:10 - INFO:  del_multiple:0.013094902038574219
16-April-23 16:16:09 - INFO:  ---------------------------------------------------------------------------------------------------
16-April-23 16:16:09 - INFO:  set_to:0.008405447006225586
16-April-23 16:16:09 - INFO:  set_multiples:0.07412934303283691
16-April-23 16:16:09 - INFO:  get_single:0.0009615421295166016
16-April-23 16:16:09 - INFO:  get_multiple:0.03749799728393555
16-April-23 16:16:09 - INFO:  get_range:0.013151168823242188
16-April-23 16:16:09 - INFO:  del_single:0.0010981559753417969
16-April-23 16:16:09 - INFO:  del_multiple:0.012095451354980469
16-April-23 16:16:27 - INFO:  ---------------------------------------------------------------------------------------------------
16-April-23 16:16:27 - INFO:  set_to:0.009000301361083984
16-April-23 16:16:27 - INFO:  set_multiples:0.07930374145507812
16-April-23 16:16:27 - INFO:  get_single:0.002080202102661133
16-April-23 16:16:27 - INFO:  get_multiple:0.07559514045715332
16-April-23 16:16:27 - INFO:  get_range:0.018994808197021484
16-April-23 16:16:27 - INFO:  del_single:0.0021326541900634766
16-April-23 16:16:27 - INFO:  del_multiple:0.014248371124267578
16-April-23 17:59:29 - INFO:  ---------------------------------------------------------------------------------------------------
16-April-23 17:59:29 - INFO:  set_to:0.014563322067260742
16-April-23 17:59:29 - INFO:  set_multiples:0.0750429630279541
16-April-23 17:59:29 - INFO:  get_single:0.0031023025512695312
16-April-23 17:59:29 - INFO:  get_multiple:0.040294647216796875
16-April-23 17:59:29 - INFO:  get_range:0.016938209533691406
16-April-23 17:59:29 - INFO:  del_single:0.002110004425048828
16-April-23 17:59:29 - INFO:  del_multiple:0.014828681945800781
16-April-23 18:05:17 - INFO:  ---------------------------------------------------------------------------------------------------
16-April-23 18:05:17 - INFO:  set_to:0.021297931671142578
16-April-23 18:05:17 - INFO:  set_multiples:0.07160329818725586
16-April-23 18:05:17 - INFO:  get_single:0.0019996166229248047
16-April-23 18:05:17 - INFO:  get_multiple:0.0369570255279541
16-April-23 18:05:17 - INFO:  get_range:0.013666629791259766
16-April-23 18:05:17 - INFO:  del_single:0.002000093460083008
16-April-23 18:05:17 - INFO:  del_multiple:0.012735128402709961
16-April-23 18:06:13 - INFO:  ---------------------------------------------------------------------------------------------------
16-April-23 18:06:13 - INFO:  set_to:0.009999752044677734
16-April-23 18:06:13 - INFO:  set_multiples:0.10952258110046387
16-April-23 18:06:13 - INFO:  get_single:0.010509490966796875
16-April-23 18:06:13 - INFO:  get_multiple:0.0790092945098877
16-April-23 18:06:13 - INFO:  get_range:0.044521331787109375
16-April-23 18:06:13 - INFO:  del_single:0.001997709274291992
16-April-23 18:06:13 - INFO:  del_multiple:0.04200100898742676
16-April-23 18:06:53 - INFO:  ---------------------------------------------------------------------------------------------------
16-April-23 18:06:53 - INFO:  set_to:0.009006977081298828
16-April-23 18:06:53 - INFO:  set_multiples:0.05688786506652832
16-April-23 18:06:53 - INFO:  get_single:0.002059459686279297
16-April-23 18:06:53 - INFO:  get_multiple:0.03904461860656738
16-April-23 18:06:53 - INFO:  get_range:0.015486001968383789
16-April-23 18:06:53 - INFO:  del_single:0.002093791961669922
16-April-23 18:06:53 - INFO:  del_multiple:0.012564659118652344
16-April-23 18:07:14 - INFO:  ---------------------------------------------------------------------------------------------------
16-April-23 18:07:14 - INFO:  set_to:0.008592367172241211
16-April-23 18:07:14 - INFO:  set_multiples:0.05442476272583008
16-April-23 18:07:14 - INFO:  get_single:0.0009992122650146484
16-April-23 18:07:14 - INFO:  get_multiple:0.038773298263549805
16-April-23 18:07:14 - INFO:  get_range:0.013278722763061523
16-April-23 18:07:14 - INFO:  del_single:0.0013461112976074219
16-April-23 18:07:14 - INFO:  del_multiple:0.011005401611328125
16-April-23 18:08:47 - INFO:  ---------------------------------------------------------------------------------------------------
16-April-23 18:08:47 - INFO:  set_to:0.008807659149169922
16-April-23 18:08:47 - INFO:  set_multiples:0.05966782569885254
16-April-23 18:08:47 - INFO:  get_single:0.0011186599731445312
16-April-23 18:08:47 - INFO:  get_multiple:0.03598809242248535
16-April-23 18:08:47 - INFO:  get_range:0.01488947868347168
16-April-23 18:08:47 - INFO:  del_single:0.0019328594207763672
16-April-23 18:08:47 - INFO:  del_multiple:0.01602315902709961
