16-March-23 20:37:09 - INFO:  del_fields:0.0159909725189209
16-March-23 20:37:09 - INFO:  get_all:0.004998683929443359
16-March-23 20:37:09 - INFO:  del_keys:0.0019965171813964844
16-March-23 20:37:09 - INFO:  get_all:0.0025196075439453125
16-March-23 20:37:09 - INFO:  get_fields:0.0069081783294677734
16-March-23 20:37:09 - INFO:  get_fields:0.0019884109497070312
16-March-23 20:37:09 - INFO:  update_values:0.006994485855102539
16-March-23 20:37:10 - INFO:  get_range:0.007001638412475586
16-March-23 20:37:10 - INFO:  set_multiples:0.023006200790405273
16-March-23 20:37:10 - INFO:  get_all:0.014119625091552734
16-March-23 20:37:10 - INFO:  get_all:0.005068540573120117
16-March-23 20:37:10 - INFO:  set_to:0.0020956993103027344
16-March-23 20:37:10 - INFO:  get_all:0.0019032955169677734
16-March-23 20:37:10 - INFO:  update_values:0.006150484085083008
16-March-23 20:37:10 - INFO:  get_all:0.005974292755126953
16-March-23 20:37:10 - INFO:  key_space_inf:0.008904457092285156
16-March-23 22:19:25 - INFO:  --------------
16-March-23 22:19:25 - INFO:  del_fields:0.02041639998788014
16-March-23 22:19:25 - INFO:  get_all:0.0037773999792989343
16-March-23 22:19:25 - INFO:  del_keys:0.008458900003461167
16-March-23 22:19:25 - INFO:  get_all:0.0017823000089265406
16-March-23 22:19:25 - INFO:  get_fields:0.005531400005565956
16-March-23 22:19:25 - INFO:  get_fields:0.001968299999134615
16-March-23 22:19:25 - INFO:  update_values:0.00564790001953952
16-March-23 22:19:25 - INFO:  get_range:0.0055917999998200685
16-March-23 22:19:25 - INFO:  set_multiples:0.023116600001230836
16-March-23 22:19:25 - INFO:  get_all:0.014678799983812496
16-March-23 22:19:25 - INFO:  get_all:0.0063587999902665615
16-March-23 22:19:25 - INFO:  set_to:0.00199869999778457
16-March-23 22:19:25 - INFO:  get_all:0.001934400002937764
16-March-23 22:19:25 - INFO:  update_values:0.005331899999873713
16-March-23 22:19:25 - INFO:  get_all:0.006534699990879744
16-March-23 22:19:25 - INFO:  key_space_inf:0.00821540001197718
16-March-23 22:21:15 - INFO:  --------------------------------------------------------------------
16-March-23 22:21:15 - INFO:  del_fields:0.014546100021107122
16-March-23 22:21:15 - INFO:  get_all:0.0031365000177174807
16-March-23 22:21:15 - INFO:  del_keys:0.001749899995047599
16-March-23 22:21:15 - INFO:  get_all:0.0016351999947801232
16-March-23 22:21:15 - INFO:  get_fields:0.007485499983886257
16-March-23 22:21:15 - INFO:  get_fields:0.0023218999849632382
16-March-23 22:21:15 - INFO:  update_values:0.0067242000077385455
16-March-23 22:21:15 - INFO:  get_range:0.009888800006592646
16-March-23 22:21:15 - INFO:  set_multiples:0.02025510001112707
16-March-23 22:21:15 - INFO:  get_all:0.013705999997910112
16-March-23 22:21:15 - INFO:  get_all:0.004912700009299442
16-March-23 22:21:15 - INFO:  set_to:0.001883699995232746
16-March-23 22:21:15 - INFO:  get_all:0.0017715999856591225
16-March-23 22:21:15 - INFO:  update_values:0.004802499985089526
16-March-23 22:21:15 - INFO:  get_all:0.00583010000991635
16-March-23 22:21:15 - INFO:  key_space_inf:0.007907799998065457
16-March-23 22:23:52 - INFO:  --------------------------------------------------------------------
16-March-23 22:23:52 - INFO:  key_space_inf:0.02981599999475293
16-March-23 22:24:00 - INFO:  --------------------------------------------------------------------
16-March-23 22:24:00 - INFO:  flush_all:0.031933599995682016
16-March-23 22:24:00 - INFO:  key_space_inf:0.009722200018586591
16-March-23 23:21:55 - INFO:  --------------------------------------------------------------------
16-March-23 23:21:55 - INFO:  del_fields:0.02272459998494014
16-March-23 23:21:55 - INFO:  get_all:0.0038666999898850918
16-March-23 23:21:55 - INFO:  get_fields:0.005757700011599809
16-March-23 23:21:55 - INFO:  update_values:0.005851499998243526
16-March-23 23:21:55 - INFO:  get_range:0.0061264999967534095
16-March-23 23:21:55 - INFO:  set_multiples:0.026702300005126745
16-March-23 23:21:55 - INFO:  get_all:0.014287400001194328
16-March-23 23:21:55 - INFO:  get_all:0.006026500021107495
16-March-23 23:21:55 - INFO:  set_to:0.002175300003727898
16-March-23 23:21:55 - INFO:  get_all:0.0024799999955575913
16-March-23 23:21:55 - INFO:  update_values:0.005396399996243417
16-March-23 23:21:55 - INFO:  get_all:0.006016600003931671
16-March-23 23:21:55 - INFO:  key_space_inf:0.009462099988013506
