25-March-23 17:56:01 - INFO:  ---------------------------------------------------------------------------------------------------
25-March-23 17:56:01 - INFO:  key_space_inf:0.032774000021163374
25-March-23 17:56:01 - INFO:  set_multiples:0.04892749999999069
25-March-23 17:56:01 - INFO:  key_space_inf:0.00874729998758994
25-March-23 17:56:10 - INFO:  ---------------------------------------------------------------------------------------------------
25-March-23 17:56:10 - INFO:  key_space_inf:0.027701099985279143
25-March-23 17:56:10 - INFO:  set_multiples:0.05582809998304583
25-March-23 17:56:10 - INFO:  key_space_inf:0.011496499995701015
25-March-23 17:56:17 - INFO:  ---------------------------------------------------------------------------------------------------
25-March-23 17:56:17 - INFO:  flush_all:0.032292499992763624
25-March-23 17:56:17 - INFO:  key_space_inf:0.008457199990516528
25-March-23 17:56:17 - INFO:  set_multiples:0.04591980000259355
25-March-23 17:56:17 - INFO:  key_space_inf:0.009906899998895824
25-March-23 17:57:02 - INFO:  ---------------------------------------------------------------------------------------------------
25-March-23 17:57:02 - INFO:  flush_all:0.030471600010059774
25-March-23 17:57:02 - INFO:  key_space_inf:0.008139000012306497
25-March-23 17:57:02 - INFO:  set_multiples:0.02902450002147816
25-March-23 17:57:02 - INFO:  key_space_inf:0.006712300004437566
25-March-23 17:57:05 - INFO:  ---------------------------------------------------------------------------------------------------
25-March-23 17:57:05 - INFO:  flush_all:0.029995999997481704
25-March-23 17:57:05 - INFO:  key_space_inf:0.0074671000184025615
25-March-23 17:57:05 - INFO:  set_multiples:0.03043819998856634
25-March-23 17:57:05 - INFO:  key_space_inf:0.00779329999932088
25-March-23 17:57:14 - INFO:  ---------------------------------------------------------------------------------------------------
25-March-23 17:57:14 - INFO:  key_space_inf:0.035551700013456866
25-March-23 17:57:14 - INFO:  set_multiples:0.04214710000087507
25-March-23 17:57:14 - INFO:  key_space_inf:0.006239900016225874
25-March-23 17:57:17 - INFO:  ---------------------------------------------------------------------------------------------------
25-March-23 17:57:17 - INFO:  key_space_inf:0.031170700007351115
25-March-23 17:57:17 - INFO:  set_multiples:0.027687499998137355
25-March-23 17:57:17 - INFO:  key_space_inf:0.008199800009606406
25-March-23 17:59:40 - INFO:  ---------------------------------------------------------------------------------------------------
25-March-23 17:59:40 - INFO:  key_space_inf:0.028179099987028167
25-March-23 17:59:40 - INFO:  set_multiples:0.04235309999785386
25-March-23 17:59:40 - INFO:  key_space_inf:0.009011599991936237
25-March-23 17:59:50 - INFO:  ---------------------------------------------------------------------------------------------------
25-March-23 17:59:50 - INFO:  flush_all:0.029804400022840127
25-March-23 17:59:50 - INFO:  key_space_inf:0.007695200009038672
25-March-23 17:59:50 - INFO:  set_multiples:0.03907120000803843
25-March-23 17:59:50 - INFO:  key_space_inf:0.006822099996497855
25-March-23 18:00:36 - INFO:  ---------------------------------------------------------------------------------------------------
25-March-23 18:00:36 - INFO:  flush_all:0.03375050000613555
25-March-23 18:00:36 - INFO:  key_space_inf:0.009102100011659786
25-March-23 18:00:37 - INFO:  set_multiples:0.06371180000132881
25-March-23 18:00:37 - INFO:  key_space_inf:0.008080900006461889
25-March-23 18:00:38 - INFO:  ---------------------------------------------------------------------------------------------------
25-March-23 18:00:38 - INFO:  flush_all:0.030502300010994077
25-March-23 18:00:38 - INFO:  key_space_inf:0.00951190001796931
25-March-23 18:00:38 - INFO:  set_multiples:0.059990899986587465
25-March-23 18:00:39 - INFO:  key_space_inf:0.008659099985379726
25-March-23 18:00:40 - INFO:  ---------------------------------------------------------------------------------------------------
25-March-23 18:00:40 - INFO:  flush_all:0.03180569998221472
25-March-23 18:00:40 - INFO:  key_space_inf:0.008513899985700846
25-March-23 18:00:40 - INFO:  set_multiples:0.046484799997415394
25-March-23 18:00:40 - INFO:  key_space_inf:0.007668400008697063
25-March-23 18:01:15 - INFO:  ---------------------------------------------------------------------------------------------------
25-March-23 18:01:15 - INFO:  flush_all:0.03471979999449104
25-March-23 18:01:15 - INFO:  key_space_inf:0.011551499977940693
25-March-23 18:01:15 - INFO:  set_multiples:0.05394479999085888
25-March-23 18:01:15 - INFO:  key_space_inf:0.007020899996859953
25-March-23 18:01:31 - INFO:  ---------------------------------------------------------------------------------------------------
25-March-23 18:01:31 - INFO:  flush_all:0.031924700015224516
25-March-23 18:01:31 - INFO:  key_space_inf:0.00852509998367168
25-March-23 18:01:31 - INFO:  set_multiples:0.04002889999537729
25-March-23 18:01:31 - INFO:  key_space_inf:0.008055699989199638
25-March-23 18:01:44 - INFO:  ---------------------------------------------------------------------------------------------------
25-March-23 18:01:44 - INFO:  flush_all:0.03165779999108054
25-March-23 18:01:44 - INFO:  key_space_inf:0.008281999995233491
25-March-23 18:01:44 - INFO:  set_multiples:0.037615899986121804
25-March-23 18:01:44 - INFO:  key_space_inf:0.006688699999358505
25-March-23 18:01:51 - INFO:  ---------------------------------------------------------------------------------------------------
25-March-23 18:01:51 - INFO:  flush_all:0.03288579999934882
25-March-23 18:01:52 - INFO:  key_space_inf:0.011018899996997789
25-March-23 18:01:52 - INFO:  set_multiples:0.047625400009565055
25-March-23 18:01:52 - INFO:  key_space_inf:0.00918299998738803
25-March-23 18:01:58 - INFO:  ---------------------------------------------------------------------------------------------------
25-March-23 18:01:58 - INFO:  flush_all:0.03308850000030361
25-March-23 18:01:58 - INFO:  key_space_inf:0.012653200014028698
25-March-23 18:01:58 - INFO:  set_multiples:0.03925110001000576
25-March-23 18:01:58 - INFO:  key_space_inf:0.006773200002498925
25-March-23 18:02:06 - INFO:  ---------------------------------------------------------------------------------------------------
25-March-23 18:02:06 - INFO:  flush_all:0.03558950001024641
25-March-23 18:02:06 - INFO:  key_space_inf:0.012136200006352738
25-March-23 18:02:06 - INFO:  set_multiples:0.058270799985621125
25-March-23 18:02:06 - INFO:  key_space_inf:0.008179600001312792
25-March-23 18:02:14 - INFO:  ---------------------------------------------------------------------------------------------------
25-March-23 18:02:14 - INFO:  flush_all:0.06369280000217259
25-March-23 18:02:14 - INFO:  key_space_inf:0.014416799996979535
25-March-23 18:02:14 - INFO:  set_multiples:0.0548516999988351
25-March-23 18:02:14 - INFO:  key_space_inf:0.007265499996719882
25-March-23 18:02:20 - INFO:  ---------------------------------------------------------------------------------------------------
25-March-23 18:02:20 - INFO:  flush_all:0.03371409999090247
25-March-23 18:02:20 - INFO:  key_space_inf:0.011114599998109043
25-March-23 18:02:20 - INFO:  set_multiples:0.05473799997707829
25-March-23 18:02:20 - INFO:  key_space_inf:0.008775900001637638
25-March-23 18:02:25 - INFO:  ---------------------------------------------------------------------------------------------------
25-March-23 18:02:25 - INFO:  flush_all:0.07663289998890832
25-March-23 18:02:25 - INFO:  key_space_inf:0.012542499986011535
25-March-23 18:02:25 - INFO:  set_multiples:0.06473350001033396
25-March-23 18:02:25 - INFO:  key_space_inf:0.006930999981705099
25-March-23 18:02:31 - INFO:  ---------------------------------------------------------------------------------------------------
25-March-23 18:02:42 - INFO:  ---------------------------------------------------------------------------------------------------
25-March-23 18:02:42 - INFO:  flush_all:0.035509599983925
25-March-23 18:02:42 - INFO:  key_space_inf:0.011785499984398484
25-March-23 18:02:42 - INFO:  set_multiples:0.058220200007781386
25-March-23 18:02:42 - INFO:  key_space_inf:0.008515499997884035
25-March-23 18:02:52 - INFO:  ---------------------------------------------------------------------------------------------------
25-March-23 18:02:52 - INFO:  flush_all:0.033689700008835644
25-March-23 18:02:52 - INFO:  key_space_inf:0.011702999996487051
25-March-23 18:02:52 - INFO:  set_multiples:0.05609080000431277
25-March-23 18:02:52 - INFO:  key_space_inf:0.008221100026275963
25-March-23 18:02:57 - INFO:  ---------------------------------------------------------------------------------------------------
25-March-23 18:02:57 - INFO:  flush_all:0.028549500013468787
25-March-23 18:02:57 - INFO:  key_space_inf:0.007384500000625849
25-March-23 18:02:57 - INFO:  set_multiples:0.04586290000588633
25-March-23 18:02:57 - INFO:  key_space_inf:0.007527899986598641
25-March-23 18:03:11 - INFO:  ---------------------------------------------------------------------------------------------------
25-March-23 18:03:11 - INFO:  flush_all:0.02775209999526851
25-March-23 18:03:11 - INFO:  key_space_inf:0.007035799993900582
25-March-23 18:03:12 - INFO:  set_multiples:0.07800889998907223
25-March-23 18:03:12 - INFO:  key_space_inf:0.00707620001048781
25-March-23 18:03:33 - INFO:  ---------------------------------------------------------------------------------------------------
25-March-23 18:03:33 - INFO:  flush_all:0.014282300020568073
25-March-23 18:03:33 - INFO:  key_space_inf:0.0033780999947339296
25-March-23 18:03:33 - INFO:  set_multiples:0.03713379998225719
25-March-23 18:03:33 - INFO:  key_space_inf:0.003661400027340278
25-March-23 18:03:44 - INFO:  ---------------------------------------------------------------------------------------------------
25-March-23 18:03:44 - INFO:  flush_all:0.015065999992657453
25-March-23 18:03:44 - INFO:  key_space_inf:0.003655000007711351
25-March-23 18:03:44 - INFO:  set_multiples:0.03987259999848902
25-March-23 18:03:44 - INFO:  key_space_inf:0.021729899977799505
25-March-23 18:03:48 - INFO:  ---------------------------------------------------------------------------------------------------
25-March-23 18:03:48 - INFO:  flush_all:0.0166116000036709
25-March-23 18:03:48 - INFO:  key_space_inf:0.014205999992555007
25-March-23 18:03:48 - INFO:  set_multiples:0.04723609998472966
25-March-23 18:03:48 - INFO:  key_space_inf:0.0035561000113375485
25-March-23 18:03:53 - INFO:  ---------------------------------------------------------------------------------------------------
25-March-23 18:03:53 - INFO:  flush_all:0.014907600008882582
25-March-23 18:03:53 - INFO:  key_space_inf:0.0037542000063695014
25-March-23 18:03:53 - INFO:  set_multiples:0.03942270000698045
25-March-23 18:03:53 - INFO:  key_space_inf:0.0032995000074151903
25-March-23 18:04:00 - INFO:  ---------------------------------------------------------------------------------------------------
25-March-23 18:04:00 - INFO:  flush_all:0.013590000016847625
25-March-23 18:04:00 - INFO:  key_space_inf:0.0028341000142972916
25-March-23 18:04:00 - INFO:  set_multiples:0.03456879997975193
25-March-23 18:04:00 - INFO:  key_space_inf:0.00381070000003092
25-March-23 18:04:11 - INFO:  ---------------------------------------------------------------------------------------------------
25-March-23 18:04:11 - INFO:  flush_all:0.025325800001155585
25-March-23 18:04:11 - INFO:  key_space_inf:0.006857900007162243
25-March-23 18:04:11 - INFO:  set_multiples:0.07203199999639764
25-March-23 18:04:11 - INFO:  key_space_inf:0.007136400003219023
25-March-23 18:04:22 - INFO:  ---------------------------------------------------------------------------------------------------
25-March-23 18:04:22 - INFO:  flush_all:0.03581349999876693
25-March-23 18:04:22 - INFO:  key_space_inf:0.012098000006517395
25-March-23 18:04:22 - INFO:  set_multiples:0.06196059999638237
25-March-23 18:04:22 - INFO:  key_space_inf:0.007592900015879422
25-March-23 18:04:30 - INFO:  ---------------------------------------------------------------------------------------------------
25-March-23 18:04:30 - INFO:  flush_all:0.03132219999679364
25-March-23 18:04:30 - INFO:  key_space_inf:0.00884960000985302
25-March-23 18:04:30 - INFO:  set_multiples:0.04023009998491034
25-March-23 18:04:30 - INFO:  key_space_inf:0.007547500019427389
25-March-23 18:21:19 - INFO:  ---------------------------------------------------------------------------------------------------
25-March-23 18:21:19 - INFO:  flush_all:0.03847999998833984
25-March-23 18:21:19 - INFO:  key_space_inf:0.016951700003119186
25-March-23 18:21:19 - INFO:  set_multiples:0.06758240002091043
25-March-23 18:21:19 - INFO:  key_space_inf:0.012012599996523932
25-March-23 18:21:52 - INFO:  ---------------------------------------------------------------------------------------------------
25-March-23 18:21:52 - INFO:  flush_all:0.09439020001445897
25-March-23 18:21:52 - INFO:  key_space_inf:0.011780500004533678
25-March-23 18:21:52 - INFO:  set_multiples:0.05659019999438897
25-March-23 18:21:52 - INFO:  key_space_inf:0.00899050000589341
25-March-23 18:22:00 - INFO:  ---------------------------------------------------------------------------------------------------
25-March-23 18:22:00 - INFO:  flush_all:0.04247489999397658
25-March-23 18:22:00 - INFO:  key_space_inf:0.011319900018861517
25-March-23 18:22:00 - INFO:  set_multiples:0.05667540000285953
25-March-23 18:22:00 - INFO:  key_space_inf:0.009169299999484792
25-March-23 18:22:02 - INFO:  ---------------------------------------------------------------------------------------------------
25-March-23 18:22:02 - INFO:  flush_all:0.03219220001483336
25-March-23 18:22:02 - INFO:  key_space_inf:0.009053299989318475
25-March-23 18:22:02 - INFO:  set_multiples:0.04068210002151318
25-March-23 18:22:02 - INFO:  key_space_inf:0.009685899975011125
25-March-23 18:22:14 - INFO:  ---------------------------------------------------------------------------------------------------
25-March-23 18:22:14 - INFO:  flush_all:0.03676269997959025
25-March-23 18:22:14 - INFO:  key_space_inf:0.012031899997964501
25-March-23 18:22:14 - INFO:  set_multiples:0.046651999989990145
25-March-23 18:22:14 - INFO:  key_space_inf:0.008303200011141598
25-March-23 18:22:23 - INFO:  ---------------------------------------------------------------------------------------------------
25-March-23 18:22:23 - INFO:  flush_all:0.04553569998824969
25-March-23 18:22:23 - INFO:  key_space_inf:0.014922900008969009
25-March-23 18:22:23 - INFO:  set_multiples:0.04893730001640506
25-March-23 18:22:23 - INFO:  key_space_inf:0.01052969999727793
25-March-23 18:22:28 - INFO:  ---------------------------------------------------------------------------------------------------
25-March-23 18:22:28 - INFO:  flush_all:0.03584440000122413
25-March-23 18:22:28 - INFO:  key_space_inf:0.014637300017056987
25-March-23 18:22:28 - INFO:  set_multiples:0.06327800001599826
25-March-23 18:22:28 - INFO:  key_space_inf:0.007433699996909127
25-March-23 18:22:38 - INFO:  ---------------------------------------------------------------------------------------------------
25-March-23 18:22:38 - INFO:  flush_all:0.0444019999995362
25-March-23 18:22:38 - INFO:  key_space_inf:0.010499199997866526
25-March-23 18:22:38 - INFO:  set_multiples:0.047938100004103035
25-March-23 18:22:38 - INFO:  key_space_inf:0.009625400009099394
25-March-23 18:22:56 - INFO:  ---------------------------------------------------------------------------------------------------
25-March-23 18:22:56 - INFO:  flush_all:0.030715699977008626
25-March-23 18:22:56 - INFO:  key_space_inf:0.013316099997609854
25-March-23 18:22:56 - INFO:  set_multiples:0.06541959999594837
25-March-23 18:22:56 - INFO:  key_space_inf:0.010472199996002018
25-March-23 18:23:04 - INFO:  ---------------------------------------------------------------------------------------------------
25-March-23 18:23:04 - INFO:  flush_all:0.03350169997429475
25-March-23 18:23:04 - INFO:  key_space_inf:0.009523300017463043
25-March-23 18:23:04 - INFO:  set_multiples:0.04282729999977164
25-March-23 18:23:04 - INFO:  key_space_inf:0.009106999990763143
25-March-23 18:23:53 - INFO:  ---------------------------------------------------------------------------------------------------
25-March-23 18:23:53 - INFO:  flush_all:0.03412100000423379
25-March-23 18:23:53 - INFO:  key_space_inf:0.01120379997882992
25-March-23 18:23:53 - INFO:  set_multiples:0.0867568000103347
25-March-23 18:23:53 - INFO:  key_space_inf:0.010295999993104488
25-March-23 18:24:02 - INFO:  ---------------------------------------------------------------------------------------------------
25-March-23 18:24:02 - INFO:  flush_all:0.040952300012577325
25-March-23 18:24:02 - INFO:  key_space_inf:0.015807899995706975
25-March-23 18:24:02 - INFO:  set_multiples:0.046327400021255016
25-March-23 18:24:02 - INFO:  key_space_inf:0.008811500010779127
25-March-23 18:24:10 - INFO:  ---------------------------------------------------------------------------------------------------
25-March-23 18:24:10 - INFO:  flush_all:0.03320279999752529
25-March-23 18:24:10 - INFO:  key_space_inf:0.009485999995376915
25-March-23 18:24:10 - INFO:  set_multiples:0.04792429998633452
25-March-23 18:24:10 - INFO:  key_space_inf:0.010474500013515353
25-March-23 18:24:29 - INFO:  ---------------------------------------------------------------------------------------------------
25-March-23 18:24:29 - INFO:  flush_all:0.013886600005207583
25-March-23 18:24:29 - INFO:  key_space_inf:0.003740599990123883
25-March-23 18:24:29 - INFO:  set_multiples:0.04086390000884421
25-March-23 18:24:29 - INFO:  key_space_inf:0.0027092999953310937
25-March-23 18:24:34 - INFO:  ---------------------------------------------------------------------------------------------------
25-March-23 18:24:34 - INFO:  flush_all:0.013286100002005696
25-March-23 18:24:34 - INFO:  key_space_inf:0.0025218999944627285
25-March-23 18:24:34 - INFO:  set_multiples:0.03945070001645945
25-March-23 18:24:34 - INFO:  key_space_inf:0.004211899999063462
25-March-23 18:24:42 - INFO:  ---------------------------------------------------------------------------------------------------
25-March-23 18:24:42 - INFO:  flush_all:0.014298399997642264
25-March-23 18:24:42 - INFO:  key_space_inf:0.0035439000057522207
25-March-23 18:24:42 - INFO:  set_multiples:0.0451992999878712
25-March-23 18:24:42 - INFO:  key_space_inf:0.003198199992766604
25-March-23 18:24:47 - INFO:  ---------------------------------------------------------------------------------------------------
25-March-23 18:24:47 - INFO:  flush_all:0.015624499996192753
25-March-23 18:24:47 - INFO:  key_space_inf:0.0030879999976605177
25-March-23 18:24:47 - INFO:  set_multiples:0.031558799993945286
25-March-23 18:24:47 - INFO:  key_space_inf:0.0027288999990560114
25-March-23 18:24:53 - INFO:  ---------------------------------------------------------------------------------------------------
25-March-23 18:24:53 - INFO:  flush_all:0.013270900002680719
25-March-23 18:24:53 - INFO:  key_space_inf:0.0028233000193722546
25-March-23 18:24:53 - INFO:  set_multiples:0.030567799985874444
25-March-23 18:24:53 - INFO:  key_space_inf:0.002663199993548915
25-March-23 18:24:56 - INFO:  ---------------------------------------------------------------------------------------------------
25-March-23 18:24:56 - INFO:  flush_all:0.013914300012402236
25-March-23 18:24:56 - INFO:  key_space_inf:0.003212399984477088
25-March-23 18:24:56 - INFO:  set_multiples:0.030485800001770258
25-March-23 18:24:56 - INFO:  key_space_inf:0.002597399987280369
25-March-23 18:25:02 - INFO:  ---------------------------------------------------------------------------------------------------
25-March-23 18:25:02 - INFO:  flush_all:0.017648399982135743
25-March-23 18:25:02 - INFO:  key_space_inf:0.0039225000073201954
25-March-23 18:25:02 - INFO:  set_multiples:0.03369899999233894
25-March-23 18:25:02 - INFO:  key_space_inf:0.003599699994083494
25-March-23 18:25:07 - INFO:  ---------------------------------------------------------------------------------------------------
25-March-23 18:25:07 - INFO:  flush_all:0.013508700008969754
25-March-23 18:25:07 - INFO:  key_space_inf:0.003324099991004914
25-March-23 18:25:07 - INFO:  set_multiples:0.031071600009454414
25-March-23 18:25:07 - INFO:  key_space_inf:0.002508500008843839
25-March-23 18:25:10 - INFO:  ---------------------------------------------------------------------------------------------------
25-March-23 18:25:10 - INFO:  flush_all:0.01513610000256449
25-March-23 18:25:10 - INFO:  key_space_inf:0.0029771999979857355
25-March-23 18:25:11 - INFO:  set_multiples:0.03842259998782538
25-March-23 18:25:11 - INFO:  key_space_inf:0.002849999989848584
25-March-23 18:25:18 - INFO:  ---------------------------------------------------------------------------------------------------
25-March-23 18:25:18 - INFO:  flush_all:0.015986000013072044
25-March-23 18:25:18 - INFO:  key_space_inf:0.0029574000218417495
25-March-23 18:25:18 - INFO:  set_multiples:0.03059969999594614
25-March-23 18:25:18 - INFO:  key_space_inf:0.0026316999865230173
25-March-23 18:25:21 - INFO:  ---------------------------------------------------------------------------------------------------
25-March-23 18:25:21 - INFO:  flush_all:0.014992999989772215
25-March-23 18:25:21 - INFO:  key_space_inf:0.004850600002100691
25-March-23 18:25:21 - INFO:  set_multiples:0.052240700024412945
25-March-23 18:25:21 - INFO:  key_space_inf:0.0029964999994263053
25-March-23 18:25:35 - INFO:  ---------------------------------------------------------------------------------------------------
25-March-23 18:25:35 - INFO:  flush_all:0.028812000004108995
25-March-23 18:25:35 - INFO:  key_space_inf:0.009930400003213435
25-March-23 18:25:35 - INFO:  set_multiples:0.044587899988982826
25-March-23 18:25:35 - INFO:  key_space_inf:0.00519889997667633
25-March-23 22:19:55 - INFO:  ---------------------------------------------------------------------------------------------------
25-March-23 22:19:55 - INFO:  flush_all:0.04201649999595247
25-March-23 22:19:55 - INFO:  key_space_inf:0.012937000021338463
25-March-23 22:20:04 - INFO:  ---------------------------------------------------------------------------------------------------
25-March-23 22:20:04 - INFO:  flush_all:0.03548270001192577
25-March-23 22:20:04 - INFO:  key_space_inf:0.009810999996261671
25-March-23 22:20:32 - INFO:  ---------------------------------------------------------------------------------------------------
25-March-23 22:20:32 - INFO:  flush_all:0.03868749999674037
25-March-23 22:20:32 - INFO:  key_space_inf:0.01416719998815097
25-March-23 22:20:47 - INFO:  ---------------------------------------------------------------------------------------------------
25-March-23 22:20:47 - INFO:  flush_all:0.03222520000417717
25-March-23 22:20:47 - INFO:  key_space_inf:0.009140600013779476
25-March-23 22:26:44 - INFO:  ---------------------------------------------------------------------------------------------------
25-March-23 22:26:44 - INFO:  flush_all:0.039993699989281595
25-March-23 22:26:44 - INFO:  key_space_inf:0.011607799999183044
25-March-23 22:26:44 - INFO:  set_multiples:0.07267550000688061
25-March-23 22:26:44 - INFO:  key_space_inf:0.011677400005282834
25-March-23 22:27:51 - INFO:  ---------------------------------------------------------------------------------------------------
25-March-23 22:27:51 - INFO:  flush_all:0.008140200021443889
25-March-23 22:27:51 - INFO:  key_space_inf:0.001651400001719594
25-March-23 22:27:51 - INFO:  set_multiples:0.02959079999709502
25-March-23 22:27:51 - INFO:  key_space_inf:0.0016854999994393438
25-March-23 22:27:53 - INFO:  ---------------------------------------------------------------------------------------------------
25-March-23 22:27:53 - INFO:  flush_all:0.01165879998006858
25-March-23 22:27:53 - INFO:  key_space_inf:0.0032749999954830855
25-March-23 22:27:53 - INFO:  set_multiples:0.05723599999328144
25-March-23 22:27:53 - INFO:  key_space_inf:0.002245199983008206
25-March-23 23:05:49 - INFO:  ---------------------------------------------------------------------------------------------------
25-March-23 23:05:49 - INFO:  flush_all:0.00944949997938238
25-March-23 23:05:49 - INFO:  key_space_inf:0.001927900011651218
25-March-23 23:05:49 - INFO:  set_multiples:0.03642950000357814
25-March-23 23:05:49 - INFO:  key_space_inf:0.0015636999742127955
25-March-23 23:06:15 - INFO:  ---------------------------------------------------------------------------------------------------
25-March-23 23:06:15 - INFO:  key_space_inf:0.007798100006766617
25-March-23 23:07:03 - INFO:  ---------------------------------------------------------------------------------------------------
25-March-23 23:07:03 - INFO:  key_space_inf:0.01008390000788495
25-March-23 23:08:50 - INFO:  ---------------------------------------------------------------------------------------------------
25-March-23 23:08:50 - INFO:  key_space_inf:0.0077677000081166625
25-March-23 23:09:03 - INFO:  ---------------------------------------------------------------------------------------------------
25-March-23 23:09:03 - INFO:  key_space_inf:0.008810700004687533
25-March-23 23:09:03 - INFO:  set_multiples:0.031104399997275323
25-March-23 23:09:03 - INFO:  key_space_inf:0.0019628000154625624
25-March-23 23:09:38 - INFO:  ---------------------------------------------------------------------------------------------------
25-March-23 23:09:38 - INFO:  key_space_inf:0.007480800006305799
25-March-23 23:09:40 - INFO:  ---------------------------------------------------------------------------------------------------
25-March-23 23:09:40 - INFO:  key_space_inf:0.009035399998538196
25-March-23 23:10:37 - INFO:  ---------------------------------------------------------------------------------------------------
25-March-23 23:10:37 - INFO:  key_space_inf:0.009113000007346272
25-March-23 23:11:00 - INFO:  ---------------------------------------------------------------------------------------------------
25-March-23 23:11:00 - INFO:  key_space_inf:0.007939400005852804
25-March-23 23:11:22 - INFO:  ---------------------------------------------------------------------------------------------------
25-March-23 23:11:22 - INFO:  key_space_inf:0.0076034000085201114
25-March-23 23:11:22 - INFO:  set_multiples:0.028632800007471815
25-March-23 23:11:22 - INFO:  key_space_inf:0.0011514000070746988
25-March-23 23:11:24 - INFO:  ---------------------------------------------------------------------------------------------------
25-March-23 23:11:24 - INFO:  key_space_inf:0.007736500003375113
25-March-23 23:11:24 - INFO:  set_multiples:0.027248900005361065
25-March-23 23:11:24 - INFO:  key_space_inf:0.0014648000069428235
25-March-23 23:11:45 - INFO:  ---------------------------------------------------------------------------------------------------
25-March-23 23:11:45 - INFO:  key_space_inf:0.008263499999884516
25-March-23 23:11:45 - INFO:  set_multiples:0.0264436999859754
25-March-23 23:11:45 - INFO:  key_space_inf:0.0012250000145286322
25-March-23 23:11:48 - INFO:  ---------------------------------------------------------------------------------------------------
25-March-23 23:11:48 - INFO:  key_space_inf:0.00885849999031052
25-March-23 23:11:48 - INFO:  set_multiples:0.02764679997926578
25-March-23 23:11:48 - INFO:  key_space_inf:0.0012952999968547374
25-March-23 23:12:02 - INFO:  ---------------------------------------------------------------------------------------------------
25-March-23 23:12:02 - INFO:  key_space_inf:0.009686899982625619
25-March-23 23:12:02 - INFO:  set_multiples:0.028584000014234334
25-March-23 23:12:02 - INFO:  key_space_inf:0.0013609000016003847
